posted_price:
payments:2652.970927960792,3431.19706966288,3457.6472596845515,3460.14725770321,3460.1472577032096,
total_utility:5639.76,6074.780000000001,5745.600000000001,5684.800000000001,5598.380000000003,
Servers_utility:2652.970927960792,3431.19706966288,3457.6472596845515,3460.14725770321,3460.1472577032096,
winner_count:93.0,61.4,47.8,45.4,42.4,
users_utility:2986.789072039209,2643.58293033712,2287.9527403154502,2224.6527422967906,2138.2327422967937,
docker_utilization:0.8857142857142858,1.0,1.0,1.0,1.0,

fixed_price:
payments:699.5669927496309 784.0097323487489 784.009732348749 784.0097323487493 784.0097323487491 
total_utility:5549.8200000000015,5839.64,5453.7400000000025,5373.520000000001,5088.180000000002,
Servers_utility:699.5669927496309,784.0097323487489,784.009732348749,784.0097323487493,784.0097323487491,
winner_count:93.6,60.4,44.8,39.6,36.2,
users_utility:4850.2530072503705,5055.630267651251,4669.730267651254,4589.510267651252,4304.170267651252,
docker_utilization:0.8914285714285715,1.0,1.0,1.0,1.0,

OPT_P:
payments:2913.968085405353 3431.1970696628814 3457.6472596845524 3460.14725770321 3460.1472577032096 
total_utility:5983.600000000001,6862.4,6915.300000000001,6920.300000000001,6920.300000000003,
Servers_utility:2913.968085405353,3431.1970696628814,3457.6472596845524,3460.14725770321,3460.1472577032096,
winner_count:99.0,69.0,65.0,64.0,64.0,
users_utility:3069.631914594648,3431.202930337118,3457.6527403154496,3460.152742296791,3460.1527422967933,
docker_utilization:0.9428571428571428,1.0,1.0,1.0,1.0,

ODRAP:
payments:233.10002905860543 657.3600213842092 727.3200155239925 727.620015583448 942.8800130490215 
total_utility:4317.3,4907.900000000001,5083.900000000003,5027.580000000002,5107.7800000000025,
Servers_utility:233.10002905860543,657.3600213842092,727.3200155239925,727.620015583448,942.8800130490215,
winner_count:86.4,65.0,51.8,51.4,49.2,
users_utility:4084.199970941394,4250.539978615792,4356.57998447601,4299.959984416554,4164.899986950981,
docker_utilization:0.8228571428571427,0.9314285714285713,0.9676190476190476,0.9733333333333333,0.9771428571428571,

