posted_price:
payments:95.8777796929773,487.04214849740265,2990.2839147428867,3507.3472202954654,3843.9971728367664,
total_utility:1340.6000000000004,2872.0200000000004,5842.160000000001,6001.4800000000005,6210.200000000001,
Servers_utility:95.8777796929773,487.04214849740265,2990.2839147428867,3507.3472202954654,3843.9971728367664,
winner_count:10.0,20.0,48.2,52.4,52.4,
users_utility:1244.722220307023,2384.9778515025982,2851.8760852571145,2494.132779704535,2366.2028271632344,
docker_utilization:0.23809523809523808,0.4990476190476191,0.9676190476190476,1.0,1.0,

fixed_price:
payments:176.78871428571432 396.7290769230768 818.1635815047023 803.5482244158854 806.5502724902017 
total_utility:1285.22,2864.78,5715.76,5625.460000000001,5800.18,
Servers_utility:176.78871428571432,396.7290769230768,818.1635815047023,803.5482244158854,806.5502724902017,
winner_count:10.0,19.8,45.6,46.8,44.2,
users_utility:1108.4312857142857,2468.050923076924,4897.596418495299,4821.911775584114,4993.629727509799,
docker_utilization:0.22666666666666666,0.49714285714285716,0.9923809523809524,1.0,1.0,

OPT_P:
payments:416.6008970309971 1163.31395961369 3101.6971455439098 3507.3472202954645 3843.997172836766 
total_utility:1352.0000000000002,2915.100000000001,6203.4000000000015,7014.700000000002,7688.000000000002,
Servers_utility:416.6008970309971,1163.31395961369,3101.6971455439098,3507.3472202954645,3843.997172836766,
winner_count:10.0,20.0,49.0,66.0,84.0,
users_utility:935.399102969003,1751.786040386311,3101.7028544560917,3507.3527797045376,3844.0028271632355,
docker_utilization:0.23809523809523808,0.5047619047619047,1.0,1.0,1.0,

ODRAP:
payments:3.555789589881898e-06 7.64261931180954e-06 436.1600147547573 652.5800168941915 605.7600176619738 
total_utility:903.7,1893.1,4148.259999999999,5200.419999999998,5401.699999999999,
Servers_utility:3.555789589881898e-06,7.64261931180954e-06,436.1600147547573,652.5800168941915,605.7600176619738,
winner_count:10.0,20.0,46.4,55.8,59.8,
users_utility:903.6999964442105,1893.0999923573806,3712.099985245242,4547.839983105807,4795.9399823380245,
docker_utilization:0.17142857142857143,0.3619047619047619,0.7866666666666667,0.9828571428571429,1.0,

